Prediction for equation ./result/0065.png
	4	[149, 72, 172, 116]
	z	[172, 34, 207, 85]
	a	[183, 50, 202, 71]
	b	[187, 85, 203, 111]
Prediction for equation ./result/0071.png
	z_line	[6, 115, 29, 130]
	z_line	[15, 98, 28, 112]
	dot	[49, 117, 56, 124]
	c	[83, 85, 107, 119]
	dot	[107, 88, 128, 117]
	s	[130, 86, 149, 123]
	c	[159, 72, 182, 125]
	y	[187, 85, 206, 127]
	-	[200, 76, 218, 83]
	1	[217, 61, 231, 94]
	)	[234, 69, 250, 128]
Prediction for equation ./result/0059.png
	s	[61, 76, 80, 109]
	|	[87, 87, 97, 108]
	pi	[91, 79, 125, 110]
	(	[141, 63, 162, 113]
	c	[166, 78, 183, 103]
	0	[186, 79, 206, 102]
	s	[207, 74, 225, 108]
	(	[228, 62, 247, 113]
	0	[245, 67, 266, 109]
	)	[271, 62, 284, 113]
	)	[282, 56, 300, 121]
Prediction for equation ./result/002.png
	sqrt	[165, 53, 219, 101]
	x	[191, 72, 211, 98]
Prediction for equation ./result/003.png
	-	[144, 55, 219, 69]
	sqrt	[151, -1, 183, 42]
	sqrt	[165, 70, 222, 123]
	a	[176, 16, 197, 35]
	y	[188, 97, 219, 137]
Prediction for equation ./result/0058.png
	sqrt	[91, 29, 197, 111]
	(	[132, 51, 146, 107]
	-	[143, 77, 190, 84]
	a	[151, 54, 177, 76]
	b	[151, 88, 167, 115]
	dot	[168, 87, 176, 97]
	4	[175, 39, 189, 60]
	dot	[175, 90, 185, 98]
	)	[194, 45, 203, 89]
Prediction for equation ./result/0070.png
	sqrt	[93, 38, 205, 100]
	3	[117, 52, 129, 69]
	2	[152, 62, 176, 98]
	b	[184, 60, 202, 95]
Prediction for equation ./result/0064.png
	-	[132, 71, 180, 77]
	y	[147, 27, 165, 66]
	x	[147, 93, 166, 115]
Prediction for equation ./result/0099.png
	sqrt	[152, 63, 221, 107]
	3	[154, 69, 168, 92]
	x	[187, 77, 209, 101]
Prediction for equation ./result/0072.png
	sqrt	[101, 44, 252, 106]
	3	[113, 49, 125, 70]
	(	[156, 66, 170, 102]
	b	[177, 67, 198, 104]
	-	[199, 85, 213, 91]
	a	[217, 78, 233, 102]
	)	[231, 63, 245, 108]
Prediction for equation ./result/0066.png
	m	[118, 80, 160, 109]
	2	[162, 60, 180, 83]
Prediction for equation ./result/001.png
	6	[116, 86, 125, 101]
	div	[170, 50, 179, 105]
Prediction for equation ./result/000.png
	sqrt	[110, 64, 190, 111]
	x	[145, 82, 173, 109]
Prediction for equation ./result/0067.png
	x	[189, 70, 213, 101]
	2	[217, 56, 231, 74]
Prediction for equation ./result/0073.png
	0	[79, 65, 110, 119]
	os	[113, 67, 164, 118]
	-	[184, 36, 270, 83]
	pi	[193, 27, 239, 65]
	6	[208, 82, 237, 133]
Prediction for equation ./result/0098.png
	x	[134, 65, 158, 93]
	a	[157, 36, 183, 57]
	b	[193, 30, 211, 54]
Prediction for equation ./result/0088.png
	sqrt	[82, 41, 194, 132]
	-	[132, 91, 192, 98]
	s	[134, 54, 158, 89]
	2	[136, 101, 153, 136]
	a	[162, 67, 181, 86]
	b	[163, 101, 179, 137]
Prediction for equation ./result/0077.png
	x	[134, 68, 167, 107]
	2	[159, 49, 179, 70]
Prediction for equation ./result/0063.png
	0	[133, 76, 162, 98]
	s	[165, 75, 178, 97]
	z_no_line	[187, 52, 230, 88]
	(	[200, 59, 205, 75]
	6	[201, 87, 215, 118]
	1	[207, 57, 213, 79]
Prediction for equation ./result/004.png
	(	[125, 64, 139, 105]
	x	[144, 73, 174, 102]
	+	[181, 76, 191, 91]
	2	[200, 65, 216, 106]
	-	[211, 96, 223, 104]
	)	[225, 61, 241, 110]
	2	[245, 35, 269, 60]
Prediction for equation ./result/005.png
	(	[121, 51, 140, 110]
	-	[149, 81, 179, 89]
	x	[152, 58, 170, 80]
	2	[159, 88, 185, 107]
	)	[189, 58, 205, 108]
	2	[207, 40, 231, 61]
Prediction for equation ./result/0062.png
	a	[130, 89, 181, 127]
	m	[177, 66, 217, 93]
	n	[220, 68, 252, 95]
Prediction for equation ./result/0076.png
	-	[108, 66, 212, 87]
	dot	[127, 63, 136, 74]
	1	[140, 49, 145, 71]
	d	[140, 105, 154, 128]
	z	[141, 25, 185, 98]
	1	[143, 34, 149, 50]
	n	[158, 44, 173, 57]
	p	[167, 109, 177, 124]
	y	[168, 55, 180, 71]
Prediction for equation ./result/0089.png
	s	[121, 74, 139, 100]
	|	[148, 83, 154, 100]
	n	[162, 78, 180, 97]
	x	[202, 72, 230, 105]
	-	[435, 30, 453, 34]
Prediction for equation ./result/0048.png
Prediction for equation ./result/0060.png
	sqrt	[128, 24, 251, 137]
	-	[171, 75, 235, 86]
	b	[185, 92, 218, 142]
	a	[186, 46, 225, 71]
Prediction for equation ./result/0074.png
	-	[135, 85, 160, 90]
	dot	[163, 64, 173, 74]
	n	[165, 50, 177, 63]
	b	[168, 93, 188, 124]
	dot	[172, 57, 181, 68]
Prediction for equation ./result/007.png
	dot	[131, 107, 139, 114]
	-	[136, 52, 175, 58]
	-	[138, 89, 196, 106]
	1	[139, 68, 145, 99]
	|	[160, 71, 167, 81]
	n	[165, 68, 184, 79]
	n	[165, 109, 184, 130]
	-	[174, 48, 190, 54]
Prediction for equation ./result/006.png
	-	[136, 74, 197, 86]
	m	[144, 40, 179, 62]
	n	[148, 100, 172, 119]
Prediction for equation ./result/0075.png
	z	[119, 104, 137, 116]
	-	[122, 85, 133, 90]
	n	[168, 94, 178, 108]
	-	[187, 89, 204, 93]
	c	[199, 61, 211, 119]
	2	[216, 63, 222, 74]
Prediction for equation ./result/0061.png
	)	[127, 47, 135, 61]
	y	[127, 61, 153, 120]
	-	[148, 48, 201, 60]
	x	[189, 80, 213, 108]
	-	[200, 40, 254, 50]
Prediction for equation ./result/0049.png
	sqrt	[105, 54, 235, 103]
	(	[145, 68, 160, 110]
	x	[160, 79, 174, 97]
	+	[181, 80, 192, 94]
	1	[197, 69, 209, 99]
	)	[218, 72, 227, 113]
Prediction for equation ./result/0012.png
	4	[114, 65, 135, 102]
	sqrt	[125, 64, 176, 125]
	x	[145, 87, 174, 121]
Prediction for equation ./result/0013.png
	a	[99, 87, 137, 119]
	(	[133, 53, 144, 87]
	m	[149, 63, 175, 87]
	2	[172, 46, 187, 66]
	x	[191, 48, 215, 89]
	n	[217, 64, 236, 89]
	3	[232, 45, 248, 69]
	)	[250, 51, 264, 92]
Prediction for equation ./result/0011.png
	c	[124, 64, 145, 89]
	0	[151, 66, 176, 93]
	s	[182, 65, 200, 92]
	pi	[208, 34, 258, 63]
	-	[215, 70, 275, 80]
	b	[233, 82, 253, 120]
Prediction for equation ./result/0039.png
	s	[117, 87, 138, 126]
	|	[140, 97, 146, 126]
	n	[153, 99, 171, 128]
	y	[183, 80, 205, 133]
Prediction for equation ./result/0038.png
Prediction for equation ./result/0010.png
	dot	[119, 79, 129, 88]
	dot	[136, 87, 145, 96]
	i	[204, 55, 214, 111]
	|	[212, 55, 218, 64]
Prediction for equation ./result/0028.png
	-	[94, 77, 302, 90]
	sqrt	[123, 98, 233, 161]
	sqrt	[129, 15, 223, 74]
	a	[171, 42, 216, 68]
	b	[176, 114, 211, 161]
Prediction for equation ./result/0014.png
	b	[140, 56, 152, 84]
	n	[148, 108, 160, 116]
	-	[161, 63, 186, 67]
	1	[166, 76, 171, 87]
	w	[177, 102, 189, 113]
	1	[189, 96, 198, 111]
Prediction for equation ./result/0015.png
	-	[147, 74, 235, 91]
	x	[164, 33, 205, 75]
	4	[178, 89, 230, 146]
Prediction for equation ./result/0029.png
	-	[103, 88, 199, 109]
	sqrt	[117, 106, 170, 159]
	sqrt	[123, 32, 168, 85]
	y	[142, 122, 164, 161]
	x	[143, 48, 164, 78]
Prediction for equation ./result/0017.png
	s	[135, 78, 149, 108]
	1	[152, 81, 158, 99]
	n	[163, 81, 185, 97]
	m	[208, 80, 243, 97]
Prediction for equation ./result/0016.png
	dot	[1, 93, 8, 101]
	dot	[14, 93, 23, 100]
	dot	[21, 74, 29, 81]
	dot	[31, 55, 38, 62]
	dot	[123, 122, 132, 130]
	c	[135, 58, 159, 112]
	-	[148, 123, 162, 130]
	s	[158, 72, 176, 103]
	s	[179, 71, 190, 100]
	n	[190, 74, 212, 101]
	(	[218, 56, 238, 115]
	y	[235, 67, 251, 104]
	dot	[254, 84, 264, 97]
	s	[266, 62, 290, 107]
	)	[288, 54, 307, 108]
	)	[307, 53, 324, 110]
Prediction for equation ./result/0027.png
	a	[80, 72, 121, 103]
	c	[111, 36, 130, 76]
	pi	[126, 56, 160, 80]
	m	[127, 37, 149, 54]
	)	[156, 37, 169, 79]
	(	[179, 38, 201, 85]
	sqrt	[195, 37, 237, 76]
	n	[216, 54, 242, 78]
	)	[241, 36, 255, 86]
Prediction for equation ./result/0033.png
	c	[124, 69, 139, 93]
	0	[140, 69, 160, 88]
	s	[166, 66, 180, 91]
	n	[204, 67, 233, 92]
Prediction for equation ./result/0032.png
	s	[183, 19, 199, 39]
	y	[233, 43, 241, 54]
	p	[309, 99, 320, 112]
	|	[310, 63, 317, 74]
	dot	[318, 105, 328, 115]
	-	[363, 116, 380, 125]
Prediction for equation ./result/0026.png
	sqrt	[99, 22, 183, 64]
	sqrt	[107, 74, 186, 123]
	-	[108, 65, 192, 73]
	a	[140, 43, 159, 64]
	b	[151, 89, 166, 120]
	4	[163, 31, 176, 49]
Prediction for equation ./result/0030.png
	-	[164, 73, 207, 83]
	x	[174, 32, 194, 58]
	)	[176, 88, 196, 121]
	c	[180, 88, 188, 108]
Prediction for equation ./result/0024.png
	sqrt	[112, 46, 250, 99]
	(	[149, 63, 162, 102]
	x	[165, 70, 185, 95]
	+	[189, 72, 201, 89]
	2	[206, 66, 219, 96]
	f	[225, 56, 245, 99]
Prediction for equation ./result/0018.png
	a	[125, 95, 158, 128]
	n	[152, 89, 168, 109]
	m	[169, 84, 199, 108]
Prediction for equation ./result/0019.png
	-	[121, 67, 193, 77]
	sqrt	[127, 19, 186, 63]
	sqrt	[133, 89, 202, 137]
	2	[153, 32, 183, 57]
